100 500 0 1 2
38 23 8944
13 88 3348
78 77 4199
90 42 7832
47 71 4248
36 80 4114
83 12 5629
9 81 9678
72 2 7299
56 21 9979
93 70 2030
10 63 1939
98 32 6388
1 90 5788
28 62 8443
8 4 9877
21 32 3644
58 81 9444
41 10 2111
5 96 2817
10 22 3986
73 69 1147
22 5 2631
2 45 1845
89 40 2856
26 2 2049
36 34 1573
71 1 4689
99 81 6365
82 10 6251
13 87 2734
36 52 8758
90 41 7485
17 66 8268
77 89 1883
73 64 1149
81 86 4578
20 67 550
56 11 3122
20 76 6211
14 5 1803
84 88 3067
35 46 9832
4 77 6170
89 35 8463
16 51 5228
4 95 175
79 9 4077
28 34 7372
28 43 7367
81 36 4591
61 94 5292
74 24 9085
20 53 3263
25 19 2604
20 62 3819
97 7 3605
31 80 6990
89 12 7134
55 10 5508
74 60 7828
13 41 7026
55 28 2968
87 97 2637
36 24 8548
17 20 426
1 66 6110
65 69 3677
55 46 7499
82 9 6384
49 79 4504
81 31 5771
42 58 8888
27 69 5177
6 46 71
20 39 4126
93 23 8340
54 41 6015
10 25 4408
41 98 6852
43 40 6840
84 78 9776
66 51 8989
96 52 3171
87 83 4417
70 12 3243
32 58 881
57 69 6682
17 42 8136
38 74 6102
80 61 2108
42 44 7867
79 93 4284
62 22 3591
7 86 6517
69 79 8107
19 60 1669
50 75 2589
33 4 8222
42 71 9492
11 74 1789
39 56 6872
95 64 6246
66 28 4487
13 22 5552
66 37 3718
72 71 9392
88 34 1382
70 7 1532
47 5 2598
34 72 3827
9 6 2152
46 55 9014
28 19 6817
99 79 2290
5 35 6221
61 34 4843
29 11 8569
49 87 3859
63 89 406
18 99 3008
81 48 3017
94 76 9849
43 21 1783
1 15 8270
4 48 1815
76 36 6320
87 82 2932
64 80 509
46 50 5088
65 63 4814
14 88 4650
9 19 945
65 72 723
5 30 5818
77 46 7269
59 96 8153
6 13 1038
98 87 3188
81 25 5822
91 57 8944
48 86 5865
42 52 810
39 28 5049
63 84 598
0 55 3232
83 71 370
94 80 1460
0 73 7389
13 3 4672
83 98 6313
89 1 199
45 80 9086
46 45 8020
58 10 7865
57 45 9143
68 54 3794
69 19 6728
70 91 7552
90 69 8116
58 46 9996
71 65 3005
79 78 9897
91 43 7117
48 81 5866
91 61 217
93 3 2374
60 55 7045
31 19 8713
64 52 3332
76 35 7798
22 64 7025
77 9 7513
22 73 175
46 40 5320
34 75 8016
7 48 4044
61 28 4901
59 95 147
63 65 3454
9 94 1746
63 74 5332
21 77 7016
60 59 491
94 61 6640
94 70 6441
96 0 2327
12 37 1582
76 21 3229
45 52 1604
37 48 5125
51 95 4491
3 55 4989
34 70 7138
46 35 2443
45 70 6119
65 48 1474
98 45 8081
92 20 4202
3 82 3310
59 81 3062
7 43 4571
58 27 7044
98 81 5152
48 71 4275
95 3 7714
82 91 233
21 72 753
72 19 101
20 18 2320
75 52 3885
88 0 8756
64 42 4798
74 74 8496
66 79 9575
86 57 2513
86 66 520
90 36 1945
89 80 3032
16 96 2109
26 42 4096
61 9 3740
18 47 39
28 88 168
48 84 9982
21 76 3448
56 15 4066
25 46 1545
72 41 3554
22 31 5888
37 38 2094
22 49 3325
78 48 732
97 61 2078
49 21 7176
3 63 6409
70 62 7562
79 40 8551
8 7 5718
83 10 5571
0 3 6155
30 16 5003
82 54 2115
94 37 7432
21 53 6238
9 97 5549
50 98 9339
25 32 874
62 81 829
34 19 2576
99 8 1949
78 34 2326
14 40 255
46 20 4033
98 21 3654
38 16 4309
18 10 1593
43 94 3490
89 61 6580
49 25 7860
70 48 8761
99 93 9066
47 55 8978
70 57 8620
36 64 7062
36 73 8695
48 38 9350
9 56 2382
90 53 4985
91 27 428
5 85 6482
5 94 8501
92 99 5757
81 62 5639
75 37 8444
53 9 5203
53 18 7983
93 54 1141
74 59 8502
89 29 1708
90 3 4448
66 82 5894
4 98 1506
82 8 5520
7 14 605
59 61 5534
59 70 8839
63 31 7955
92 67 3602
71 44 1712
83 9 9309
92 85 8508
69 92 678
52 21 2000
58 92 8403
34 0 1825
20 65 8113
20 92 1751
59 47 4726
76 81 9369
17 41 6511
99 92 5491
71 21 4314
16 85 5213
91 8 8595
61 65 4463
29 51 4156
72 3 2691
19 86 88
33 30 8163
37 9 7403
39 91 7957
78 10 613
32 61 8593
88 69 6517
45 98 7773
16 62 3076
56 98 2990
55 44 9761
9 32 900
29 10 457
71 25 6480
46 90 504
58 55 6603
63 21 9926
9 50 8870
7 89 191
21 42 7572
10 5 2299
69 91 1270
61 87 7529
74 17 2133
8 81 1602
20 46 414
2 10 9545
66 22 2773
97 0 5607
93 48 9331
85 44 4219
85 53 1390
23 78 8336
36 26 6616
55 48 1720
96 86 8020
88 82 4290
58 41 9259
82 20 2618
27 62 8297
19 67 6811
73 47 2758
74 12 6134
83 79 4151
51 19 8494
8 85 1914
31 50 9629
19 94 3640
60 95 905
97 4 9234
66 35 4191
72 69 1056
35 47 858
96 63 4664
28 26 5496
37 93 4411
17 35 7679
58 36 162
68 80 8873
42 37 1692
38 94 6261
81 37 930
63 96 9428
74 7 4271
2 0 7059
94 74 8535
73 51 108
2 9 1017
12 41 774
13 6 21
74 34 5877
32 28 4119
12 59 76
78 4 6831
95 84 7453
87 80 3462
24 51 9426
64 96 5144
9 8 6787
14 95 3906
92 51 5615
38 80 4942
69 58 3382
90 99 9021
27 70 2308
20 31 3651
87 48 8655
75 92 9010
32 32 4096
53 91 4204
9 12 4530
56 96 7001
9 21 5037
78 93 2592
68 79 4994
98 80 4200
38 75 10
21 4 9591
73 5 6565
90 85 6642
0 39 4108
71 90 745
39 30 773
23 22 9262
31 35 5720
83 73 2871
35 14 7469
13 23 6379
4 54 5298
96 39 972
22 62 2836
68 29 3096
47 6 8572
22 71 2990
57 38 5494
92 14 9429
61 8 314
98 57 2437
38 52 28
80 30 6117
20 3 527
8 47 5757
4 4 6656
11 52 8207
6 95 3624
75 64 6374
0 61 460
72 40 8343
84 42 3031
12 35 2790
43 13 9356
88 12 9968
44 94 3835
99 39 886
15 27 2102
37 73 5111
26 36 3296
90 48 9519
98 61 973
55 90 8001
27 19 3887
90 57 6658
78 92 3210
90 66 782
81 8 6046
62 13 5926
48 78 1747
39 20 8355
12 30 2038
33 62 2727
45 27 1703
24 4 3952
4 35 5182
45 45 6026
49 15 5681
51 97 7240
14 66 6080
68 46 6412
70 65 7795
70 74 470
98 74 103
83 22 2314
84 14 2844
33 39 4909
41 61 7378
87 37 3550
64 44 4354
10 73 9715
74 76 1900
53 53 2108
99 20 3334
22 47 2175
3 43 8381
26 17 7315
13 84 8857
67 64 2765
13 93 9682
16 89 1894
70 96 5367
0 19 1293
75 22 942
95 0 9968
5 97 7613
41 29 5289
21 69 7665
41 47 2084
33 61 7168
20 91 8099
74 71 2561
49 14 6609
85 98 2073
98 28 8339