100 500 20 0 50
98 46 2292
15 39 8083
59 73 3467
63 34 8219
8 18 4447
11 14 5258
0 14 5024
60 46 8439
62 83 190
85 57 4376
98 14 4569
43 78 3641
15 7 8099
43 87 1547
79 19 9753
43 96 9913
47 75 9777
60 5 5961
0 0 9086
94 16 4516
83 25 7428
33 6 6165
75 30 2859
41 28 6808
33 24 3686
87 4 3921
14 1 2705
37 3 9528
22 23 6318
45 25 2448
89 22 5324
86 35 6440
24 60 1481
98 18 9867
43 82 4750
71 19 8209
77 71 948
38 89 768
5 64 2581
77 89 5089
40 49 1679
72 1 9337
25 24 543
51 45 469
22 9 7891
37 7 650
97 21 6154
78 17 361
85 65 9679
86 30 370
14 32 1426
78 44 319
1 71 2179
13 73 3043
59 40 9103
71 5 1467
35 82 2685
13 82 8282
71 14 4219
24 82 6886
88 94 6445
33 5 656
73 50 5313
34 6 1401
66 38 9723
67 12 4451
78 21 3053
16 37 4658
86 34 7046
4 81 618
28 20 4684
59 35 7293
98 17 2432
48 7 3465
77 52 3686
69 57 1803
69 66 8736
15 95 3482
80 75 7826
33 9 5788
95 69 4475
55 5 1619
84 87 4237
16 32 1687
59 12 4397
76 64 5240
47 37 6648
49 65 8543
76 91 3886
77 74 9655
27 64 9455
39 38 7479
33 4 858
8 69 69
74 23 9132
66 28 2118
87 69 3182
28 1 4238
99 52 8352
35 58 4572
47 32 7883
49 51 8218
92 40 6238
29 11 8761
58 47 482
92 58 6121
81 21 9765
91 71 2022
39 33 3078
11 51 4518
63 98 3394
20 38 3877
51 16 5355
0 78 1429
20 56 7223
43 21 6038
4 39 1823
23 52 2621
41 97 5167
10 91 141
35 35 2225
99 38 407
35 44 6665
70 11 2855
76 45 8046
68 50 1333
57 59 7877
77 46 5293
49 73 2029
21 2 5560
62 3 3193
7 67 517
61 47 1632
71 79 2815
48 95 1960
94 62 5227
39 37 5986
75 58 9026
30 68 8382
84 36 5313
0 64 9788
23 29 1640
12 47 6351
64 57 9944
44 88 1221
13 30 2956
34 71 8938
34 89 4887
65 67 2835
77 32 1906
57 63 5360
77 41 4731
50 24 6176
7 53 8473
81 29 8783
73 25 4816
71 92 9949
60 64 9795
41 60 6566
60 73 7947
83 75 7725
51 15 5104
1 5 5769
88 28 4442
16 21 7748
97 76 5495
86 76 7675
65 53 7677
15 34 5245
5 11 8383
97 85 5646
86 94 7600
80 23 5270
42 15 8422
78 99 834
27 35 7152
42 42 6694
31 5 8860
6 79 4139
83 61 2810
75 57 2474
51 1 4469
83 70 877
84 53 645
1 9 6306
45 43 3412
2 81 3760
38 13 1927
68 35 9324
80 0 5751
15 38 8655
3 82 7308
89 85 6267
97 98 8528
80 27 2077
19 17 5394
28 84 978
59 99 6455
48 80 303
11 40 2515
60 54 4347
10 53 5078
64 33 6694
10 62 8227
96 22 9219
65 25 1741
10 89 907
25 87 906
56 65 2854
2 94 9285
22 72 7101
59 58 1716
80 13 253
27 7 8655
36 74 9223
71 41 3494
82 50 5929
55 96 3328
95 7 607
44 41 4915
10 48 3104
53 28 9534
44 59 9
54 91 9164
76 2 4630
56 33 1520
67 48 3832
46 25 9509
32 90 4241
90 31 1714
89 75 558
50 4 4685
63 32 9548
36 78 786
98 62 2241
17 74 5465
60 26 8512
48 79 946
4 9 707
33 45 9525
85 55 6786
45 19 4213
37 15 288
76 6 2430
88 8 5226
51 71 2297
56 37 262
66 60 1233
70 39 8296
67 52 9286
86 65 9125
1 97 7619
77 83 8483
48 56 4758
11 16 3287
63 63 6496
6 77 1790
64 9 8752
56 14 8529
31 79 141
93 81 2427
86 42 4245
4 98 342
15 9 1492
55 45 3346
70 43 8067
32 89 7786
16 72 9609
24 94 8956
13 94 7643
17 55 2125
92 67 483
91 22 3669
6 54 2751
92 94 6883
84 1 4742
21 61 5730
61 97 9215
50 97 8568
19 91 7368
44 44 9476
56 18 7959
74 54 9841
14 21 3331
32 84 1957
28 41 247
47 72 9609
77 73 5308
69 69 7473
29 42 310
52 16 7675
11 82 9565
56 4 2524
86 5 9170
25 35 4081
73 84 3721
23 65 2377
93 62 3000
66 45 5874
32 43 2840
95 90 5636
35 48 7655
16 44 7548
79 2 352
65 76 8563
28 36 925
82 16 6431
48 14 1494
46 81 2862
40 10 8711
60 15 9391
50 69 20
52 20 3478
44 16 948
19 81 9037
54 48 9294
86 0 7035
30 99 4718
0 95 8929
32 38 6086
32 47 3520
59 10 6207
4 74 4361
55 39 9302
17 22 108
99 73 1531
82 2 1957
47 35 4362
88 82 3979
58 59 3013
98 95 9071
61 55 7828
40 32 5714
33 2 3033
85 12 1818
2 14 7916
23 46 1604
8 94 2141
60 95 7141
39 72 2090
13 20 6774
87 67 7789
86 13 7149
16 25 9646
86 22 4678
47 3 1366
55 16 7923
23 82 858
70 14 5417
96 63 3871
1 54 2223
47 21 9759
80 36 1612
57 80 1371
6 25 5156
19 53 4830
7 97 5074
44 6 6673
11 58 3599
20 36 6324
94 92 2889
16 11 6213
11 94 342
77 26 8865
3 86 6610
27 34 6940
80 49 4075
15 78 3909
80 58 9373
7 74 8903
15 87 563
61 54 5613
15 96 2083
50 63 9459
93 6 3487
19 66 5181
83 69 5264
54 33 9831
93 24 6504
54 42 5701
11 71 3162
94 78 4367
87 48 3479
44 77 717
23 63 5252
64 64 3219
16 33 9866
16 42 9743
68 43 9834
5 32 6088
92 37 1408
79 76 5197
90 76 3211
79 85 9428
73 23 4013
20 17 2793
11 48 1035
31 35 5532
95 47 2988
11 75 4183
23 40 3708
87 43 402
12 40 6314
32 9 8905
87 52 3564
32 27 2470
64 59 1743
35 32 9896
88 35 4918
34 64 5592
58 3 4948
77 16 136
9 7 2862
38 52 279
98 75 2300
27 33 881
50 44 4309
62 9 9175
18 82 5827
6 86 8364
63 90 5478
11 61 3984
96 7 1350
12 35 4111
43 13 6961
84 51 1127
99 12 5743
2 70 1507
88 21 4549
25 81 5001
65 28 8304
68 24 7269
97 87 3313
15 45 6316
61 12 2843
27 19 6561
47 86 2418
17 91 6180
9 87 4024
19 33 7831
23 3 5826
12 3 3865
84 28 7096
21 88 6526
45 27 9989
41 84 2448
37 32 5640
34 45 175
37 50 9944
14 57 6734
37 59 8220
58 2 2151
38 33 7377
59 65 5186
98 47 2908
67 78 9145
70 74 7675
30 1 3894
55 85 5713
79 52 7186
47 99 8148
71 75 836
29 69 6369
63 71 139
95 23 7916
95 32 6838
33 48 3006
44 48 9988
87 28 6755
34 31 5568
37 27 4049
45 40 2973
76 18 2425
25 80 9126
32 79 6803
85 94 28
77 1 9457
24 84 1930
66 99 6680
69 6 8890
7 31 4142
55 80 1055
59 78 7686
19 5 1350
89 91 537
27 18 8766
11 1 4797
7 49 1252
42 16 2117
63 39 872
27 27 8129
75 40 9844
29 82 5928
95 27 9205
2 55 5890
66 67 1587
10 77 1534
99 15 7624
32 74 4081
38 14 1092