100 300 0 99 50
41 40 7455
92 58 1785
81 21 871
12 68 5081
62 8 7689
23 68 2770
62 17 7396
19 46 6609
24 97 730
76 43 2155
27 77 563
1 58 8377
19 73 7036
36 89 5357
8 18 2066
94 21 8940
77 35 7198
8 82 8354
60 83 7930
85 18 6433
19 82 7148
74 27 7910
65 79 5751
43 21 1468
66 87 4097
98 85 6150
38 80 7762
32 94 4150
34 58 3565
90 90 4896
6 84 3355
82 22 3433
96 51 9692
4 66 8679
90 44 8159
56 76 9874
39 90 3833
54 24 2813
91 73 7277
63 91 6151
92 72 3762
99 56 8005
31 31 7994
86 31 4373
2 59 8594
85 66 9055
29 34 9577
93 15 5724
3 88 5468
98 5 5779
13 1 3972
6 50 7128
43 14 7022
50 84 2710
72 59 7229
38 73 555
61 38 2327
81 71 5107
55 52 6246
50 38 1346
1 26 7821
24 92 3616
91 2 5149
42 61 4941
71 97 10000
93 8 7049
37 10 256
25 54 8850
34 87 1554
66 55 3169
41 10 7991
94 80 1736
97 42 7817
94 89 5658
33 15 9899
98 16 1048
24 76 1939
84 8 1109
4 52 245
18 69 5592
30 34 8119
22 60 3372
1 92 4656
18 87 5243
8 52 5639
93 65 5315
22 78 7905
71 99 5110
56 25 5339
83 9 7793
54 37 567
86 90 8248
86 35 9958
5 80 7801
11 66 483
78 31 895
75 5 6632
97 44 1033
23 40 8748
80 83 9556
16 56 6744
25 68 7134
81 66 5753
36 98 2146
50 97 8954
26 20 3999
90 23 3281
45 55 9495
10 33 3344
31 1 1289
0 32 2212
37 60 1214
76 42 1563
39 23 7168
88 44 2135
63 88 5483
22 80 1960
43 48 9978
94 20 9024
9 16 6920
96 5 6830
21 54 4224
41 87 3694
62 64 6295
64 61 220
53 61 185
48 74 4343
7 82 3183
18 82 6001
57 95 290
54 78 5461
58 5 5513
21 20 3824
93 69 128
57 49 5560
84 33 4003
68 49 6241
63 99 2683
9 73 6985
69 32 9026
78 99 895
16 60 2507
60 93 4155
59 95 5720
88 76 3553
33 85 9415
19 31 4141
42 33 1132
20 60 4167
46 24 1212
0 36 4969
19 49 5738
82 87 741
49 84 9492
32 34 3942
14 7 3403
23 74 5248
51 56 2133
78 74 9294
58 16 4768
97 32 865
98 61 3334
42 8 2801
59 24 1524
64 38 9669
62 50 5610
36 31 9705
88 78 3375
1 18 8259
0 20 7220
54 55 7211
65 85 9339
77 50 7497
56 61 3517
62 77 299
3 0 5220
38 86 1794
31 80 7347
57 99 1817
60 61 3328
31 89 1370
4 72 8457
52 2 6937
16 37 9694
89 76 1839
89 85 2563
81 47 3809
8 8 9866
70 90 4763
27 85 3293
4 35 5889
50 32 611
90 68 5091
44 80 8191
81 10 8351
44 25 125
28 29 5660
8 90 2808
85 90 5299
46 19 9280
12 51 1145
0 86 6344
68 19 5886
12 60 1520
3 57 4708
40 85 7923
89 69 499
40 30 1962
86 82 7223
9 61 1655
38 42 3269
23 23 8622
53 88 1134
47 17 2211
87 35 2164
50 16 3557
42 12 5498
10 7 926
27 78 8386
27 87 8825
62 54 185
93 87 7119
28 31 2287
42 30 9357
68 12 2798
43 86 461
2 30 9490
80 50 849
35 27 3426
24 27 3437
95 78 5309
42 51 5224
67 16 7648
16 41 7125
28 70 6273
98 67 4368
47 28 5254
64 44 4852
81 60 6746
55 41 5382
70 94 2538
10 18 1757
51 19 8292
54 43 9268
68 5 8066
22 47 3373
73 1 9827
19 94 482
0 26 6981
75 97 4719
76 91 733
49 74 4561
6 69 1409
54 61 6528
83 51 1261
77 10 3752
57 96 9665
69 61 1122
69 6 3181
29 89 8542
50 2 7364
7 86 245
58 70 5366
96 54 7251
62 31 9223
79 47 988
19 60 2201
54 91 759
76 2 3521
93 91 7223
69 36 9985
45 51 9545
13 13 2118
24 13 2152
74 96 2877
97 61 3776
63 75 9771
21 69 64
35 86 1210
61 50 6657
26 28 1649
87 14 3635
78 20 9324
47 69 3205
50 68 1672
35 49 5447
28 65 5686
53 94 7018
63 96 6245
25 57 3795
40 39 4888
85 7 80
92 8 3934
86 45 9673
13 6 1700
15 3 5006
74 34 9650
69 47 813
38 78 1436
21 7 9425