500
476
130
913
831
107
462
144
823
146
88
150
395
853
296
647
665
491
66
506
250
592
503
106
356
250
225
441
631
249
776
395
678
735
698
429
451
288
11
447
501
680
441
157
814
948
760
859
983
680
87
629
92
651
466
673
687
739
470
141
79
945
997
74
125
194
704
60
41
174
392
456
925
633
15
796
266
14
225
465
974
481
107
924
297
851
146
126
369
825
288
875
177
736
640
765
736
708
267
996
83
68
216
274
402
492
187
539
715
337
816
629
646
541
815
703
255
4
45
435
447
537
820
173
595
342
863
207
125
708
586
751
194
491
536
605
930
661
577
380
215
526
433
283
55
291
411
917
406
948
697
652
655
454
543
720
971
664
652
3
150
866
368
640
778
170
390
436
766
739
306
775
485
547
45
689
899
641
850
696
913
640
63
45
412
647
379
572
537
542
807
2
165
757
566
24
117
129
362
171
774
343
336
359
809
99
983
41
671
714
390
987
142
874
185
749
611
564
229
212
184
602
806
142
428
420
207
940
342
144
943
703
754
35
221
195
373
199
228
437
303
141
831
208
706
474
565
583
244
648
63
660
944
960
844
674
169
161
300
977
372
211
344
665
474
935
279
658
815
660
679
355
881
161
48
421
120
298
124
544
680
376
92
909
92
460
942
849
952
176
503
722
562
895
676
16
353
944
211
679
853
850
637
630
267
389
387
128
721
661
686
223
817
143
608
859
740
878
17
165
758
830
671
925
428
251
313
396
181
497
796
912
678
11
334
856
774
476
584
547
314
705
785
613
742
844
401
749
168
826
844
219
652
733
83
892
136
142
910
500
749
286
553
240
186
781
145
502
933
165
768
480
952
440
827
963
927
507
324
514
994
670
241
711
871
218
745
660
999
764
307
283
689
34
798
816
795
615
77
83
243
615
359
757
524
369
989
308
102
620
751
691
245
84
411
837
40
408
768
63
624
21
558
106
678
405
969
657
76
157
391
306
367
447
283
954
645
63
924
604
638
414
248
789
705
56
922
486
108
826
449
506
296
468
820
505
195
759
802
111
370
717
225
224
379
254
458
424
527
111
65
726
267
246
593
528
166
170
872
728
417
633
901
77
337
14
317
962
848
513
116
499
66
229
500
913
177
371
609
979
269