200
914 751.7336569304775
436 641.3907767657754
617 557.2150474021618
284 253.68172649505743
361 831.3186338210817
401 671.8608365241573
306 537.0079232477418
363 473.99405830134384
554 214.72440966821057
236 103.54811494593191
811 148.17709824977916
519 556.6546399410671
283 258.6859297524744
25 790.6716580320799
742 171.71012015214066
348 706.6725865153854
522 862.2250599693732
568 485.1455551861973
577 833.4697187945181
34 828.4862658426576
22 840.6324105466889
331 940.757348874044
290 253.6759947078229
800 881.410369334751
392 384.4595618599989
301 841.177305110919
514 98.14105828552559
997 320.9903154223661
957 916.7816230856789
603 796.4115660178021
493 504.3917700043626
944 944.6793735613495
575 32.568257754211224
140 758.4529587097031
721 695.9600402974854
769 673.3768205872826
810 925.1763604402139
683 452.56754875219843
804 301.1625433067353
589 348.5775399346201
700 274.4820281874287
38 454.3979022909082
198 722.0942052913367
737 984.4884731886955
468 33.82581371787836
980 841.873125999895
92 10.597722057613153
342 648.5801389677896
296 639.08502996945
243 20.87497062596956
128 45.25779538840176
720 152.30678621929923
714 481.6442815935206
94 900.3740522010064
81 933.8074152303044
951 458.57236567270826
862 335.7383630503254
460 861.3220353821905
200 50.2861780205056
698 426.0234808239717
979 879.6665362366003
876 226.47600522392258
560 675.8073477369641
940 413.0286747039924
239 206.4441468591891
987 63.885646729350775
138 759.2900450415475
606 700.2285685063631
307 786.5926682028344
552 448.5178070355367
309 977.8597440863927
99 581.8978363218937
797 133.40229840766474
509 159.96911295863976
922 872.885287122742
661 235.14861346393633
692 335.2374236441352
442 842.5259826787448
356 1.7429681105063568
403 667.3420417017937
625 902.2419733190095
893 922.0740761643201
976 103.79304693971847
599 537.0183563424526
696 507.5666040887986
435 788.3831609531072
570 237.97463794423274
912 83.84360801300761
675 343.27281729036093
825 136.07811041990814
626 218.94533120734872
238 893.1494726279959
701 918.6672326300495
547 231.7439441940879
65 796.6058373337411
637 212.85261166491955
702 823.3150182447739
697 585.5467211783567
461 804.8654715004452
869 802.6825678432463
978 701.0849322167899
49 556.7553366755218
355 790.56968955047
991 442.52159493201265
888 979.7345981750053
981 833.0437836104824
323 882.275959187958
454 331.2509989651411
77 844.4920764629405
490 721.7818087883105
537 139.75447010363834
559 717.0298716612581
418 713.1153281105636
520 927.0310083728974
910 190.13761663524105
201 367.1747351569497
387 43.932479749582285
855 817.0997635865986
61 818.6663273534596
134 63.07959346937918
848 511.00964705305853
131 94.45790130823619
803 471.0221019642027
406 96.28158259733628
960 690.9344941460956
359 335.35407258003943
8 972.9735557936009
930 795.2422135593123
2 879.065790207708
646 859.9251762362536
332 307.74759176811597
15 62.24240130681176
836 321.6593007249558
82 590.2125521379023
729 373.19383530423266
539 723.3309414358221
169 568.412173512948
209 568.6510644935848
250 892.9974950222462
207 355.3399116538479
686 809.1095021571127
382 299.13713365445307
950 371.92919318412635
954 49.76267479054847
786 575.6685674774634
521 957.1077926867338
88 507.37658562552963
642 588.5368916448839
662 851.368880546452
399 70.70569203129912
360 489.56416969414715
996 534.0507599355266
148 147.30516720887127
666 547.0162883279618
956 247.3546024134339
945 690.595858636226
185 977.2513374787844
856 539.8390045951978
57 280.79414839651184
91 201.15261141936585
541 730.8841194752221
516 931.0929892576555
24 666.8235425368459
419 657.0399867591492
341 895.5760440836119
130 255.78709992066152
27 450.852751002128
757 444.7165567787422
665 65.73148376672108
78 432.3494708937682
211 642.1081783883922
390 469.0459623653699
354 474.4228602182242
657 124.10451147633775
507 258.91651744928066
431 955.4332607481656
794 59.214220621133954
56 489.7310668962204
476 990.859483582706
50 436.1644558504352
898 805.70297980896
492 355.051510557538
229 460.4530997818788
536 710.6325266178708
421 159.49750621672132
40 743.6318620288108
999 366.3236515003173
483 16.654909005228625
961 766.3637391667743
807 409.4608069396675
168 965.7861370816408
125 661.8841416540682
506 698.8079335038957
619 216.25513763494712
510 617.056012553859
45 769.8516959966187
204 936.4412947526721
834 886.7353056223037
517 258.57026139119205
254 415.9735943431258
