100
549 86.01349694660568
747 29.58250956830885
551 524.4391144357235
368 36.708683777228785
179 237.17283058267867
568 191.013142165949
868 110.6720914220771
664 918.7852870807351
296 61.595910491095104
714 88.37981015184357
618 589.7853344709912
779 174.76360926884755
21 768.0298897495196
704 234.35990161174195
567 156.4398472960094
915 358.8184331684087
859 957.9324219894879
379 404.56072406071655
656 770.9199197928547
614 297.62311446957904
613 599.1793844253579
187 371.525498173653
863 418.74151708519435
14 665.4556747326947
732 870.9682193734384
329 525.0038617912538
646 619.0165233906091
167 144.8731921752963
848 983.0267304426378
449 296.08401588676134
659 756.5468685744255
22 815.2979099259703
775 588.3868622945956
593 689.5158195474734
758 596.0770113933788
878 902.6888905602649
560 205.15361216906345
516 884.7298356327741
918 304.84410518343213
538 26.992828709757113
454 161.07288927959794
616 980.4493844494272
800 509.93691132984503
53 68.92113179223908
692 895.7437986154627
463 720.8915540756856
546 921.0682382053824
534 481.1817174918643
487 425.68561218982904
857 229.60658067346606
342 110.11065133232319
67 740.8027547266547
240 961.0542371892367
55 188.28193085105877
594 852.3605387600072
340 973.8895639119627
603 195.68624839322487
974 581.0087258016201
533 739.6854974135166
299 868.4020996868987
506 39.26626983355357
854 313.00884475123263
410 82.4529817511575
967 518.71960463884
530 831.8494953022471
148 566.6495711995327
550 631.2913679921144
965 387.69547837942184
474 592.967248740194
207 816.2890272347851
326 812.6529287144343
544 237.50159516928173
790 91.36259092891079
430 785.1041291345958
760 68.32455856899922
874 769.6625009585524
645 172.29385257370487
180 312.92931412807815
805 485.55071281981026
435 269.27865858410655
865 320.5586542537305
710 328.29444565593144
588 316.3290625711613
280 399.0992872498961
181 640.5583115245829
261 590.4613571390604
182 506.5968468040307
887 692.7927364553758
700 233.47718608835643
587 514.1036021628189
510 399.2456673256065
908 660.9415022462105
184 560.0006004872881
505 786.324919218802
573 654.1603718957435
563 23.990685703145502
466 163.18348612840177
858 607.3605105734042
245 612.3178977891176
884 714.1240470317155
