1000
902 674.768381818961
339 549.7209665486419
684 387.7115211799937
587 738.7076639434035
108 343.36807507709824
940 925.1557061824079
971 142.88151739239837
805 374.4923172900643
310 363.5575901951033
336 444.12318488549306
808 813.2871065817296
849 419.37613420371025
546 834.4089782705412
775 193.55741599671012
548 311.00401289420586
585 978.7383179934283
964 238.09844483860778
692 106.08869125124124
888 515.8926948321483
439 620.6266277632692
630 511.63593848313565
152 436.5555013587461
42 937.155415392577
873 688.1324421909317
157 142.40820852971132
287 234.50926653496083
472 917.8109639767792
424 851.7033453185373
314 627.4716135730482
868 776.0831194599549
123 853.6221722794231
987 174.80862529964227
857 747.1412464650136
870 565.8007855243629
552 73.5739946112152
453 412.89791905251593
466 222.23226704430024
789 423.722522991209
223 223.58346017971914
544 40.73673452429653
470 710.1884667408539
406 113.49479783402168
8 654.4692745813942
502 913.7729857143876
827 72.49980984026816
633 948.1597713191509
599 300.0615631805116
304 876.31170072992
923 52.027037643012086
667 325.5338243352765
759 498.73896177410364
626 132.9848503905734
852 958.1532444315023
218 334.0194328227844
960 54.93865641820403
11 910.5325778912492
35 230.64342680733068
796 509.9304643407392
986 899.73059959218
769 40.59281100806821
374 30.436936188366275
14 608.9987715957968
700 680.0319596715664
973 24.3350796619382
615 93.49785676031556
227 92.98644010606804
445 364.3222057384973
959 820.7923555626271
87 367.4244731422957
953 119.42126303928394
363 839.519822772896
321 314.007926399872
982 97.62127024435833
341 216.79263143051293
710 198.24392156084414
651 567.6455875108068
707 966.3231791250851
26 249.3655647672133
161 129.05612321888333
364 534.2764359570875
706 867.6631462070397
929 447.4339445035096
478 728.2722071341576
97 813.4726975732008
405 565.6814347275404
524 778.7765078363601
279 252.61999792261088
962 475.82469227136954
598 636.0472667417104
393 260.69121463551664
556 437.5332070701124
933 104.84591742646955
985 532.40912623542
203 726.1183905969141
676 385.42705941697704
894 686.213261198233
703 710.6373035332718
553 689.8541403688828
358 93.38364860198413
255 496.3247592428985
963 871.973329198991
380 468.5306969618987
342 793.0359521990214
356 771.566658828455
38 472.42993419036276
476 755.1790725763602
407 624.5061629032391
400 711.5096170642216
753 101.33506851335851
557 117.39508308190099
571 290.6425885218722
427 592.4321256414678
797 830.4818283009436
118 602.2397434286326
995 114.2594395627605
803 600.4289365133412
213 500.08577313368494
136 42.75594584889396
734 45.357357994053416
814 547.6517511765823
324 785.9728253102049
782 469.6570684762117
91 969.2840985550644
414 729.3324836479144
338 884.4370767059114
661 839.5646704365241
677 880.7989069361199
418 326.5717427590287
892 71.89818600492055
526 410.76884421274235
231 836.3501485067281
764 989.6616173486171
332 396.04073915472554
826 784.1387284202839
538 731.7351165017826
760 83.06350318352895
968 100.73272637216179
777 229.2476603024645
209 889.0486005185628
233 516.6882086123904
296 413.39466942925253
914 758.8705778307516
79 71.09722100799519
899 856.9757012903972
167 925.7667101656264
536 676.3139399395113
574 502.78483102069794
698 653.5792688664205
373 486.3775243655358
632 592.6791186834079
465 898.8383136158161
542 587.0714444829571
184 830.3555874456042
301 902.2690446252983
560 724.0737750565154
27 492.11406663508444
481 13.035648420806101
957 634.4989602035304
219 472.49749089697025
921 674.8689406155925
811 724.1504974272199
317 238.45432707493222
326 680.8687729029964
912 356.9934409360046
645 705.5975457410586
303 180.80773783911943
928 304.2189081388541
148 273.7407393595452
990 38.967820193811434
359 263.8189789248173
726 281.14958602821383
286 182.98673048576754
180 553.2819620055659
21 447.1545596921239
210 942.1026455533378
905 255.26700517067445
654 8.578953946391135
835 235.46125418681692
636 160.11563132781234
378 435.7203401257745
144 415.6132828379246
522 699.9499450245894
391 872.9558492848922
625 918.0201784009412
834 304.84970056786256
865 597.8361022618653
36 946.3915956205932
428 747.361803979828
993 560.8924751209596
156 6.637711492989563
520 686.824482651049
182 166.28782104154223
672 81.89664816484641
187 32.419441699440014
84 143.4364817063581
281 35.024921044269675
284 68.79055336419344
770 882.8588075784314
250 620.0171137552712
145 379.1094305010945
884 759.7996273094475
52 287.52973214828774
652 429.0035630444983
724 657.9789090213255
158 465.95483044371434
702 877.9076456094265
12 592.6505665033781
954 316.7555070592374
635 174.56508311764776
945 687.8581046966889
567 751.7431944971354
413 355.01813324270626
20 920.4394196520893
169 322.4310718886803
151 85.85965712134876
365 294.4462749752819
828 375.48570352753705
475 623.2856898568994
140 23.824296416386602
895 253.63437213402864
708 468.7200856019753
58 374.60892229911224
397 722.266890375264
730 934.3465074722501
425 921.7449360634604
31 663.3824660309747
488 317.01677063373336
886 616.9966051404061
234 451.70332463398427
402 708.6128457713277
171 145.9337660102109
238 129.3931868516543
306 520.7470574751798
409 46.52829201384151
673 977.9488725324503
693 454.02757840868713
897 219.74492860640203
353 865.592050803949
918 950.7290359394905
586 937.1028633761657
802 149.09194605087822
889 234.966997325653
570 142.02367376038345
164 229.98657811222554
486 356.25269450617947
622 116.95220544631277
696 371.1268087648534
220 166.5869274281122
919 927.8406811342438
361 205.9454139245543
516 110.54463377449883
422 190.49690534299484
913 808.8613067438636
62 63.837445799612254
793 32.77245035662014
320 481.2334022260644
505 182.6200900573896
351 483.71587658536725
859 916.5538926962627
376 688.7657035926051
309 69.39383867153798
621 282.53826441819723
904 284.16736424113435
867 839.6484029051898
78 67.2657104388067
763 613.5391548728156
6 389.77989332706716
258 161.3470272246576
195 620.1927510920583
399 277.20842126899856
273 988.8776820472382
299 821.4124197340335
997 357.5868443130626
762 188.75745142411787
360 164.15047312586077
212 634.5986667685794
812 590.3290847953913
276 430.2677418442643
261 590.282664058066
689 283.2123623655175
869 964.2543963581388
166 605.7219938534945
458 474.17480198504416
609 209.1861930246013
631 675.5264936270734
300 419.0661971629091
100 655.4876547128425
282 41.82932906752213
230 993.6883167474483
756 972.3192585844314
727 792.1059097574885
22 624.85952401975
910 875.4034409932466
107 58.244370705507976
748 427.4431283973799
200 947.0618820967225
517 159.656683491647
441 451.5071572319506
800 504.6431118049217
270 354.41183527095757
506 168.0545587439746
597 824.0843674476132
701 351.6520780233528
920 177.53640513252162
787 237.37904812876562
694 137.69529119902182
110 999.0680896200158
88 138.44772408294816
492 997.8348370516858
640 717.0743906857668
86 501.1474498702736
464 291.8502916131105
887 458.3929090829697
728 861.593663716913
742 243.50786137341797
685 119.8694229296476
263 952.2455709757571
239 893.1300661337663
295 133.69529358605672
614 833.1021179826045
554 879.6282629285539
71 698.0282751926096
725 453.17834931775013
855 917.3595434919409
456 528.8727387617263
942 697.8659116872527
92 133.46237116507527
241 807.6823489728283
454 299.16761684843055
467 999.2581122542696
565 142.7981794481463
121 775.8756793706716
658 885.7346706984973
717 182.9334251535953
729 696.0357038864654
972 821.2881459095416
206 945.4274630478013
243 543.8099596877657
564 110.2660892361149
245 207.43320988354537
372 806.7245407941731
944 508.1352029847304
739 968.9924433838648
277 522.9279852659632
455 632.5333276960132
533 521.6792828232841
721 511.14951871586146
471 273.7313007110049
438 978.9300402384405
384 609.8579432987656
415 246.96629585674788
688 818.7157778945625
49 355.854365504453
474 923.2956932097381
781 453.05886337411096
674 763.4187670851861
534 253.65884399796877
403 595.9673839941421
496 491.092261114726
420 937.1944484765603
498 70.05615404398638
382 127.93316814825138
423 933.9819468568165
561 510.8274165171563
383 581.6044248352267
96 950.1392618031408
683 13.268034290652434
432 248.01163681490294
880 540.348826088239
988 200.57583958138258
462 436.2854174711254
313 921.5633325163211
820 678.8397779101342
440 203.2783274918828
192 124.6210684417472
446 25.822479321006448
850 596.9909669058758
137 523.4649325936552
833 774.6436417479697
737 321.3306655113073
82 135.6006977507597
500 873.8842404594909
602 359.9113209132597
426 83.01127253528436
937 781.8349856014459
644 808.6330175592785
72 156.27229543316926
981 181.88604111098414
656 390.28387460003546
412 500.3760822123198
491 829.3543915647055
114 133.67624641217046
147 764.4483128197572
612 958.0942923608928
634 149.73018637931338
170 479.700420928107
917 222.76049928583976
925 961.9370131271387
771 267.05480621421003
386 138.226797403671
642 505.85357787919287
237 124.78478373848837
776 212.4319169919921
289 868.6046624005982
731 889.8932382442514
523 343.01036741100336
876 849.7257344743452
590 781.5505263704649
580 442.36234647319844
588 988.3115348912479
248 815.7680567439454
844 994.894747477492
185 376.378043798477
628 797.9589794398345
111 887.2356249240514
408 410.81675944436944
936 775.7216104024185
389 247.729670905424
297 254.78011027976672
188 848.1046903827589
847 784.5551379952077
551 350.8280848331104
508 407.525270579941
507 554.8037038564091
595 969.790648367107
809 83.85747089152177
768 961.3594763127339
754 946.0937760253128
783 936.3829361528922
531 97.21251208474531
162 550.7662713153237
163 326.39709851508366
181 134.48824431608196
381 923.183306446174
253 477.0655173674915
999 169.1413282164538
45 929.2868133554866
926 366.5736503437286
723 44.32753021360692
74 788.9402190141617
204 598.0751684281245
433 175.15261124298402
126 289.9962065005134
461 374.2736749192283
266 924.1973100769188
627 38.36863819719202
366 796.1736822967767
348 48.50432566992345
901 875.6512124109705
955 86.06994031433811
732 381.4342895941046
665 640.7890222227492
860 435.64765050400155
659 221.5834115229938
555 64.92679392110674
530 602.1090172029975
975 315.3644284430574
799 558.1321583020359
529 71.02035660294113
186 234.92417568150003
896 986.3591700742361
653 482.5553053534014
447 343.29329620799973
103 678.5645263905667
765 57.9275716417296
252 514.2313134129683
611 705.3230035562012
980 774.7008499784812
133 328.02316456565967
691 182.7640058222863
56 891.9955746444765
411 167.0044306190805
387 638.0225481848944
819 704.7617984287999
315 696.0210038131081
302 462.8859240877812
780 594.1236848677848
816 637.9123032810899
977 216.28974313561443
155 492.3159025067922
749 197.21873292939227
592 336.6710072035994
898 650.901242763083
866 722.2506256750474
388 410.4262715091323
722 337.81123391103057
139 852.6562328924714
579 285.07047602288964
318 970.8076501340175
119 404.6227898742101
191 62.5109232245117
410 52.96703868096759
211 425.9910892074999
983 612.1832648425326
649 733.2962189764584
639 185.8965837574818
449 662.5433140423485
7 192.47486163196794
57 835.942633124172
294 73.54433948402449
251 388.91910825858025
215 475.5524511108999
442 461.78797718542313
150 182.6257069302797
578 881.8441526239246
996 849.4015540261677
217 369.7923691645418
563 777.2859704863607
935 448.8980803765197
932 601.5686973894739
773 851.0310122187041
858 499.2756077077219
249 275.3650791897376
322 987.0174669587697
511 737.0401073230803
532 308.8719349654585
463 973.6929519969924
817 117.43105074768232
794 950.0239256745831
687 420.1125469419781
247 960.7060138129749
643 316.86193715637796
856 273.2703134547048
221 802.5536590447629
818 252.37164860871547
669 556.9500109763865
846 397.69122693091924
132 420.4536815072931
690 92.05574397480795
618 400.7391050275068
90 352.832063514394
371 768.8090066915195
434 576.877238445081
54 679.6387613174256
494 804.0134805270355
435 835.2554645504691
5 784.2082419251134
319 736.5956704732633
2 924.1611861074621
452 908.728155338113
50 559.1989272272289
101 778.7902657279101
535 334.27713428475727
616 259.7575349750758
909 49.50192801735097
134 576.9834646696596
390 769.7392102158855
229 72.5128139506329
825 911.7925002348329
603 269.1946769865249
845 531.7294922098627
716 940.9353797421106
254 683.9135345751034
497 102.27139400724738
741 784.2569176865695
829 385.6111432076715
312 911.6980085590725
539 429.59893789869335
344 587.1941368277792
345 551.3667477554246
786 770.9509535286286
720 653.9208042441534
143 977.6240958823869
73 521.0638279242332
173 684.815342854708
872 301.43015607762743
541 935.1252289145275
81 782.6928063597345
242 844.7785610262337
930 794.2853755859131
15 263.5708463662362
941 717.1391228377188
443 864.7745479320635
46 330.79894776577123
838 913.1952051774248
938 361.7464997745278
958 792.5590141055816
325 835.8901083174044
94 52.53164035958641
715 681.5800942496462
509 683.9621266805112
51 701.628697861549
232 93.69653856297228
686 831.0860713888976
839 334.04744990479384
207 993.1387655469558
288 509.1609460448564
429 389.3437027677174
767 121.26979125227656
832 443.8658427153694
190 301.15401146533185
931 747.8462478199173
655 912.0235770553312
681 721.4284131398122
40 899.7730253986589
189 225.04108574134716
761 134.48627740174717
240 794.2287131381357
226 433.8792968405291
757 999.4119583176121
63 921.8492840586177
459 998.0289214272932
601 605.5450754175095
113 814.1077077785941
518 51.005587829849375
671 217.7605221885849
841 981.3344203915744
370 342.68535628369824
617 142.5520674900725
815 142.26212010303774
80 228.88163805837692
853 423.49365407988927
37 814.6607042806457
566 797.1373022277727
201 848.8872928817267
340 914.8273654878058
843 874.1147793240563
510 547.9962239662406
482 995.3036737201046
984 64.66995836048744
280 875.6862657787744
657 441.98338786850894
154 427.4071305687295
214 382.8696578779321
979 677.1642948324154
450 411.77481921253843
349 793.6993562777582
733 153.1286273556122
473 687.4254612266691
629 679.5285975479832
881 807.7366328668618
328 771.2675113314223
290 495.3304775354679
784 333.3127239957052
537 308.60914367984884
39 133.1861816779322
13 671.1001522613329
512 396.27368431792956
228 717.3325618777992
112 500.52341897865483
961 274.6949720252809
176 191.7182753005239
525 840.7446616439026
998 461.17396324619534
331 143.92106702943676
417 557.2029787001659
605 677.2949701529197
752 419.80719445609986
663 279.19045071518684
334 55.440860626885716
922 206.62242816018326
85 277.72702221112775
679 349.0007894501481
64 906.5243839959993
120 382.40190702504856
172 848.533465600832
483 368.3213128804164
893 266.2961632512136
528 625.1140293392278
774 673.6119221867773
460 452.46475168644736
83 307.54075396593396
264 7.52708773171117
159 912.9731628335223
666 839.8884268644591
130 16.593495652739275
840 401.555376826484
807 344.4148477917878
934 139.77198165251644
70 380.88649191851266
451 566.0222888453601
515 820.083685026068
33 520.0376057303756
974 837.1339377642278
352 659.8211428418039
68 379.3574702975579
131 217.10803564019088
149 840.3377234400392
32 632.7089535048776
337 135.33934509399964
354 525.2995451356143
347 709.6773603625078
256 205.3597507911173
398 352.19256359201063
265 851.3174751530765
662 815.64046653052
682 352.16875139922195
444 436.13602830226273
747 358.1911037507156
487 816.4748979031792
911 657.2896560040908
216 918.3805307541217
641 617.9348891413349
878 874.6560216536798
24 257.7663972885803
504 569.8765323965471
436 55.85563928131448
41 978.0233781748174
801 633.003864548732
160 53.19211426734058
824 421.2412700514057
484 177.0657285934752
842 838.8027233078017
871 350.761574450836
854 70.40972400985082
927 284.9574202759538
115 450.0850649239022
798 648.9031096802375
283 87.40511913989019
746 146.54540753441503
589 382.4520031063833
939 630.3547073690678
89 926.2244882349114
3 424.5904579921321
175 7.249365345357825
298 756.0680526284983
736 377.9069228041249
177 961.0197499172422
581 409.85536983098103
620 952.2224890985816
558 519.8506511742917
77 757.5272594888867
457 640.5951632022169
323 967.5974035424074
969 285.34510774622777
755 761.7926900243126
660 595.2561930098299
575 369.39992646466163
861 592.7245364880163
991 112.76536595164754
268 960.1300120024034
106 194.4283173233054
738 872.8481619757339
343 430.8879780533705
613 544.8315933026515
60 350.23426525162955
205 81.92789204355326
908 829.0239626522082
404 298.2789463061106
122 509.6997978124814
104 384.65203095294964
790 311.14304077339466
493 591.0059195040948
490 257.45378845521935
311 632.1708348070795
740 790.6346393671572
419 510.2769388869075
668 176.6893412819007
503 832.0987115312296
559 195.0475651514011
499 966.7302107872084
810 494.0781868490581
4 59.10855373379883
224 402.9838129740061
608 210.71202442439503
59 114.61302587081491
992 735.4664306074052
638 513.7936380522705
1 766.4213407456734
719 181.00189899586172
877 295.5696836435647
308 109.28388909416215
153 760.0378613878394
875 801.690692503424
395 90.06597360193943
745 262.5397157869079
648 365.75204478501036
105 170.63482090348774
65 260.0388476622679
713 350.58971571845973
202 114.40629331479599
513 581.0887504526843
208 535.2877148239231
236 204.46780906023034
795 32.893992611079966
600 140.45166260988628
292 125.23416263028243
947 381.62534667980606
594 637.2447190138747
262 898.9244266863027
179 858.7464030429161
952 23.42139859112124
573 744.9724362605077
316 966.1269497728772
900 423.4404560909949
28 41.28426955763767
709 707.1955991936941
489 136.3675901451248
966 455.1575892254625
697 814.5502085957806
989 809.7275724745032
778 413.5686626128079
837 801.8235654897248
650 304.1170333292694
146 803.1181749113709
806 724.8061861756793
174 941.1069584593332
257 854.2008243019261
785 921.766498282676
619 551.5074454409386
576 773.5560811492616
271 985.8183152415062
1000 666.8471271412557
779 901.2684655290722
307 407.7563370098262
346 282.84371983281693
584 574.7322018096169
260 121.10907737721863
75 880.9873407255317
43 837.9938438704402
788 889.4290894751281
278 198.05332761017686
883 470.2444633466188
885 323.45944390351616
924 108.9540276774166
99 405.46918252702824
225 966.2945754455432
583 760.171703841655
430 223.59362812440634
906 592.9033311202998
711 139.92790472460405
431 522.8471818641646
272 204.13242349072507
198 472.3483260605827
907 191.61281929401716
664 483.8266230345041
448 454.53297065197216
772 983.6262768801546
519 861.6506286975379
549 553.3070553947579
758 212.65830018946508
848 995.8201056133822
831 911.7781161978775
379 874.396823733957
17 727.2963613664832
44 263.24817044982717
416 728.4479321172514
545 69.68873841142882
879 136.11454180477637
109 610.7378856115494
514 300.0507949235676
479 27.291226568178303
477 717.0611913859256
569 116.7292033119319
744 89.06075619912079
714 371.17166106895564
396 618.544934463937
751 561.5583833128427
67 682.5541381549949
377 819.4493205316122
718 862.9713215594545
47 347.5796993875516
165 630.4425816194891
392 674.8930796664472
367 138.26865895177374
34 91.5524235724259
978 690.5329918101289
882 220.55749937145788
593 718.964323697561
468 471.6366196525815
305 682.8423457037046
863 464.67039398673137
61 511.3558291163257
369 689.275670875799
527 925.0825262131133
851 741.9517182496356
965 693.9580461820328
568 911.1788142814776
401 355.78279588819487
129 403.1972574576398
637 760.9506896224025
274 635.1482191999489
596 348.6303509825046
822 354.2565729234086
275 17.48066552505962
830 687.8874872406698
357 350.0752984381028
836 23.299800267152577
116 21.368714847720035
577 906.6137921899341
102 200.24082066262073
135 500.6155656262595
495 528.009498957509
521 412.78740697014
18 934.1888255534269
916 599.5562601417491
903 85.59606550450653
76 151.61021643679248
95 752.0305375297136
890 352.3532458234063
30 529.0541481148651
680 910.8663837320264
994 63.887905506426954
246 671.8475821155948
385 473.26111103897034
168 85.03853554052206
421 884.5648194531475
540 494.2938848619802
976 623.9225327452585
375 730.7246975848793
25 462.23358930993714
362 927.156437153847
142 861.6237619373727
368 819.9608340480288
624 636.5541060901475
550 697.0443363395489
55 230.96376865754252
141 555.9170089230449
970 42.91392696202741
646 446.5888305323398
437 136.65632591787872
66 877.2605618336713
327 651.9890348006462
485 573.7413134183035
946 772.4579843296971
333 770.4390252867746
480 219.0335137652349
93 671.6533640989496
699 252.20967004791365
735 259.8124615727617
267 36.90555306274647
623 232.20824804307446
285 127.38579590030405
117 284.67542298955607
293 120.82663102057744
9 494.36112518167374
821 417.1818389997475
124 827.7176226999034
469 588.7758431983316
69 800.7722842320613
967 542.441391564429
705 162.167817897088
259 616.8851034737351
582 736.7799592743478
610 3.505285818359094
222 656.4657676861001
948 370.2253182931005
543 74.17483617301387
10 921.456764093746
943 259.8019159586619
197 384.9070603732447
196 21.978276570024267
53 77.55065697651214
823 727.5921795815616
350 137.48558066821076
235 921.8474938527979
950 618.7711117238946
330 669.031273419043
193 283.2321651767492
98 641.3960141000216
915 541.9689004336531
178 868.1827803230633
750 415.55968408276027
670 671.0396063798196
194 26.15422563065791
562 759.3864898326767
813 256.81252624376606
547 856.7291162160442
743 631.1412039192717
501 227.76910551461484
19 251.66541662055042
572 482.3423037341572
199 327.09075764267607
128 873.6841238156094
269 13.818664754600153
23 582.0525442786534
675 362.9449130692956
949 334.68154993209833
704 615.5397903341853
127 486.09179794031365
678 88.27138870628055
864 156.29742223595935
183 346.2526755303659
956 256.5803475269573
951 19.47900728148971
329 331.4950975505434
335 110.18572152168271
607 848.739692380812
604 902.5046366990232
244 535.6901824703109
394 876.3407926771137
606 530.4264711272417
48 234.20078371560527
291 340.66782247133034
29 553.4156219084446
791 619.0654663211336
125 743.1671793061649
862 106.73850911373391
647 77.05161531022303
712 665.327348232697
695 930.0028215680205
16 594.364968710091
138 318.8538072011374
591 450.67306228391675
766 905.1796684090951
891 791.4255605736117
804 424.1350925432196
355 176.25565579037757
792 432.6494218546265
874 677.1271755014347
