300
240 315.38720528046815
253 386.5663577720814
57 367.6368074066469
845 452.47854775820315
523 806.246913888719
248 479.25257572248245
492 938.0396114669663
376 96.97157315525918
76 376.4303116793977
394 505.4673488019462
306 628.8794803138271
544 533.7263857919851
651 785.9527764721996
245 901.2644102439834
495 411.8145815171529
541 845.1837710350535
812 546.9214159562674
836 848.6434792628323
615 507.040431922844
46 685.6115181293478
194 385.6929235465181
595 600.5174407901966
749 505.0141227781963
440 879.2469011445704
366 41.85662642470965
528 957.3817906496915
891 97.17283221488971
395 391.22666950912475
499 210.40848039231145
486 369.44860660222025
813 222.71930100178554
9 830.6757554350492
934 482.55756731378796
74 225.56482894002113
742 691.3465990048114
849 718.6884418345666
780 750.8867800208832
539 547.1083466686533
798 660.281689913749
115 592.1061897087127
226 370.3436341430947
821 282.2664557134785
270 971.9622335707804
483 65.35943090287782
161 580.7776933817439
273 64.26511068545628
309 909.4876550254979
571 991.8776203057915
274 174.99463089963962
246 846.9893523744313
960 53.54269257090268
300 421.3764296516574
183 95.19681119156465
192 391.10293863523884
104 943.9062595104159
900 44.00266279519601
762 139.19973448910218
944 838.9240380856045
805 689.1117734979465
868 403.90632875603137
445 585.7081130890718
699 289.2979372929309
688 800.4334177673048
297 671.2503546066281
674 887.7997951340486
369 679.6063862921503
474 26.110714661661532
412 289.858120728178
419 514.367683753167
427 418.39466786037303
685 710.1169147825183
846 553.4630971871128
305 767.4063001332689
690 328.81551087615003
803 326.18833751635157
209 492.2675661941759
51 461.7231185749012
180 128.71099189702994
493 413.65818509507386
98 17.311284113928902
196 827.7478932693487
663 502.0349798009493
647 229.30873659414792
650 126.53723725060556
157 531.2666857251941
561 610.7042531527153
204 508.69717398205154
797 924.0331154648055
635 929.5251859876162
139 10.164696109745188
546 848.3518424919438
980 534.3993165094597
292 664.0065248725855
280 567.2660665807864
475 349.8107886441438
45 216.27779174942685
431 627.8518551737919
644 146.57035016806347
549 154.75340804662744
880 24.61957009495753
916 288.1949570724632
156 805.4193492879749
963 207.9128780938116
441 93.8300457088942
22 12.63672745169546
655 801.928982510165
919 22.122573757215658
362 238.02360653996126
97 897.8423332090241
200 263.34139401545565
212 618.3875480851261
943 515.5458895838347
817 162.92622865944782
16 560.6396860814423
154 340.0746284975956
186 489.5704123018456
565 10.195930063665925
95 515.0764157417327
986 830.3163613726615
939 581.3155363162784
181 162.91439725468163
229 175.3206442905634
268 536.3314786761072
659 846.4396398627879
162 300.11780980462044
631 60.02026155107801
58 35.46137810753935
620 396.17663239689074
964 690.0812588608716
453 82.87228738228318
175 613.495539760415
208 208.54410840369678
372 679.2093295020434
460 774.3626729156965
317 970.8279820657247
702 532.8023539801796
658 350.35674968865254
466 111.73920614057712
997 169.10861874956456
668 841.3129364036761
542 424.88373064688375
503 377.19498099543557
232 529.8614911994375
730 911.9833865363829
672 180.51022400450285
68 628.662074189494
662 662.356595837991
459 574.8572594046258
225 533.0752124839206
693 879.6029339910042
277 158.0742342287367
494 559.1589983087259
551 569.7856771467485
433 931.172611041608
262 378.02932532005394
399 592.1649053780136
593 120.99071308660302
606 913.1847331652563
294 173.2208188745359
330 814.4895367056454
838 990.0918948284266
439 965.6272140012089
677 531.0927531352186
574 893.206452141433
48 221.84745142304283
935 793.3241773720748
430 929.6302658588011
32 681.1814140376398
568 635.2872568248371
914 77.55952795977439
319 563.9384749173797
795 41.43800986956175
99 545.729982102758
316 935.2924213308177
642 973.0495227221367
717 394.29613614896533
611 504.6602119165234
263 353.99355849443896
158 499.7281209261205
30 201.063937834414
286 423.917675715244
548 150.3564573275142
598 805.8698444380037
529 497.49554548744425
785 547.3944559771963
648 298.90517859886563
525 287.136398879079
100 823.0517268045608
889 769.7326779938159
213 792.1784205749598
814 261.15847331352813
243 641.319216883757
646 510.09137658928375
558 488.979056288423
978 366.7497987324838
18 210.1554530770619
135 724.6414930196984
336 28.929049210067213
835 522.3805518182311
661 734.1345336436422
589 177.90607286598396
513 290.03915880459124
629 137.33025044297125
985 361.75499317914273
193 703.2275287762895
130 72.16517449186301
760 708.2178935507877
424 914.1545117100476
802 397.6779085162938
739 384.26749594772303
8 517.3506290260584
465 830.5285259205406
603 479.72027700257854
259 508.0399883384456
75 986.9048215841757
148 959.1893994105515
49 761.0420157810986
278 744.1031741018269
645 712.8388863105392
824 378.0308190348925
210 589.2139930627599
27 706.9048029932742
71 925.329486271927
462 464.4024546097846
340 629.5202777347257
864 910.2992244236876
519 907.2704517401733
675 203.3446839215179
853 86.42410919980422
227 980.9039941198928
695 177.89105344871933
144 922.6264412676436
82 331.4549846888045
627 113.13737846071399
701 284.5260863666605
834 178.71048434791987
826 426.1151138728557
799 114.86036804265174
456 365.8409000890824
123 978.114522621794
408 857.8813600739264
633 366.2098983969765
378 996.2937321237013
511 692.851938080571
375 181.0187025841151
728 634.9540504844908
451 405.9848217243052
215 788.0656333166773
239 307.4925265626716
121 872.0689550332199
837 562.0460413014628
77 764.0169934513034
168 221.32436035768163
403 458.1891613625797
550 281.95230165815383
949 677.0265408144479
897 401.284799545211
422 66.70245367900945
88 837.8187016082886
38 111.37041354251281
438 902.5548410008478
953 897.2674477123384
2 171.43125871489798
133 321.43745148286007
874 556.3732460691673
564 919.2150674148747
487 516.9127842104213
870 309.0641715340942
293 968.8705675586646
683 868.5255466902589
999 74.2502667377903
345 512.2024490609163
559 928.1881193960446
867 59.29749088156179
905 677.593074148689
147 341.7892902479063
255 278.71451337870656
407 87.81705197020419
992 447.85441208814234
507 229.61075295507413
673 798.8786695096622
921 672.2865227641197
327 519.1876179570216
957 592.1624607263741
289 890.2315813526995
901 462.73684542931534
496 426.80828825991114
84 383.55949389570156
871 358.339920308541
972 689.9666283411929
692 69.92051608293538
538 801.1409296337733
101 251.3765067881036
5 327.9912255203214
597 251.46072689681105
442 842.5535296635663
791 644.1951300245498
779 268.2934572515849
149 938.5314172334442
765 480.19149167639995
