400
738 680.3086880412438
132 569.1505370395047
952 880.7644198239316
409 86.39724770880203
274 691.9129844652365
875 554.0123134437881
744 76.66251816583392
868 46.63869285631779
390 263.1046869446109
363 966.5061908451736
26 61.53117881205013
807 36.342444539850995
245 169.690701710962
156 749.4234847075547
285 113.8162438689732
914 210.46919064682095
672 588.6829844364046
303 791.1441880930388
355 163.59769297150027
281 190.58233300185321
69 711.4323847141262
379 33.80059974647616
612 411.79356860239
88 670.0046270765721
967 982.5579152899643
754 559.4184947118696
273 257.2476229131082
250 669.6341031909907
872 883.4857665127494
716 944.8485067081501
174 370.7552721096098
43 540.3428276511439
57 231.9129930609687
301 219.31747262808446
605 576.6405533255041
264 690.1397606342275
315 397.67957920469206
714 5.355695905822009
796 440.64130055864496
352 737.7414008576056
108 249.96935118386915
948 797.5244615516579
800 389.16277358781696
519 57.54420598619774
920 810.7999314223192
252 609.0402396735619
430 955.8135960865544
238 126.34932803212575
508 425.17884458568335
30 361.82162010447087
125 249.6686079590647
65 986.1423096067889
76 216.0423538381526
229 721.5882548105566
815 652.4511402288831
197 118.41172435964945
359 727.3376448519697
524 634.978248323509
147 978.3472517522401
853 612.5183985610178
337 251.55734249318928
314 455.5698930898303
347 942.1974480094556
392 150.85292482649604
83 361.8748449201533
47 772.8412596941635
949 740.541196188548
46 277.4608958533357
54 589.2266645994276
194 408.4540033395238
336 76.79405178912124
74 584.6319497978849
12 266.1306933764589
263 766.9257825009672
578 366.89307111273473
232 651.6079406589321
734 441.39178436565237
204 175.02298101913937
756 879.982236758149
14 423.44161380464635
230 161.18949779838397
121 334.5523939120985
1000 911.3718331694648
915 920.7748135030831
404 174.88047161254133
270 693.575695688104
843 803.3221898518276
653 145.16641683917217
947 4.5914980222687
246 988.7238562931341
331 948.1488714861304
769 51.922454565092934
420 123.64048760169293
316 31.31078634772537
445 632.5475272188869
993 345.241624612499
852 241.71785946052924
189 397.92908599122103
620 203.2686906685032
10 972.6827862509839
724 214.92415743441117
235 292.6067954266574
96 6.707370425484362
626 471.8436574021936
743 366.3504497950007
790 823.5547314402947
411 215.93712396060735
117 929.9325370860258
452 689.4344557385087
262 513.7716359249739
19 793.6001463326058
496 873.7994016006431
802 831.2882154265947
538 205.72171252309613
903 470.9620109065181
568 168.09194255269065
425 143.21468131010337
820 749.8977353593199
63 643.8578424570915
641 435.5326156177801
845 605.6622429387338
831 173.79628934678297
684 974.1901296725744
639 74.644714116273
543 277.33773163325714
858 471.20911609098283
345 878.1643894887684
188 373.5924125934319
691 365.0662390359726
276 350.56468590254764
332 262.94157382895855
51 924.5613909064998
78 399.4143514612338
106 453.5917322292209
429 887.7021587366456
797 195.84380326023245
675 220.61252657386282
782 191.93212807700374
965 280.46755967524103
582 190.4010141324636
42 489.5914418497453
91 414.97878091382887
468 415.58717763528693
785 394.0935616488447
486 345.7112217713258
163 848.1356084622139
715 989.3425827678531
651 158.5441247761487
383 650.3319059202029
882 375.5599366612213
50 84.55380439462402
825 780.7436724635678
703 462.3196199781249
426 279.63132129719367
492 151.09137623969565
558 371.97826291072636
606 297.7116856804298
177 590.9664187533473
995 270.87144850518945
749 886.6326645593334
723 925.2293946457519
471 845.6421008763442
700 591.8389988373646
552 387.1544726372116
580 795.6067262798799
771 87.40848221542561
260 543.4398385963752
123 823.4833076213091
82 470.68622143726094
512 502.97771238177637
708 945.2249077708915
166 711.857941573159
762 843.9773058904017
950 319.1682594182276
925 150.75187552370684
888 584.4918581603665
974 93.21531095806685
388 961.8174326594336
527 351.0751534145155
59 541.7156675803358
24 489.75658306152513
658 290.69982462345627
539 998.0501044188741
745 404.45211589476094
157 672.6500091288971
907 743.6576462381232
407 510.7250462994782
991 304.72610637127565
902 144.65426225336913
659 173.01512491803146
209 80.95529476040684
610 496.7283055637461
438 366.88628424435785
506 994.9574676585186
342 541.9248915337963
419 337.67344199201824
801 55.06454239709761
541 506.7223996292044
821 780.1279359800901
199 108.93060199468898
836 328.9196099919884
996 787.4882700778286
239 957.6559235891607
814 946.701014689877
817 990.9687392177783
917 99.20774535718269
537 540.0190200119355
661 205.17301469508524
830 309.4640133673616
617 815.7020251635635
777 765.295389554777
880 907.6932837361833
529 433.94215187746886
105 838.7040776036786
961 421.56695340073634
41 451.1803091875366
394 245.53405897301914
764 863.3303902307598
7 245.9356926358419
333 778.0468617592855
2 100.89392779731494
422 695.2410717160473
674 899.6342959785935
798 830.828024602265
45 498.0935653488793
729 2.704480712871318
969 798.448172787994
713 404.8354656510033
987 442.07209508746524
678 347.118246204526
778 193.80359007397138
810 322.2901410567609
564 600.1563233137629
346 644.9202797158958
142 838.1444619055161
364 254.99993394138954
385 372.18327762477185
931 923.1444942002964
431 832.0747542677005
654 584.7619993732507
481 408.5693732670928
488 299.15936749079873
350 498.7422423019518
3 756.3965686790077
265 970.4196225283034
780 302.79818032829434
97 919.9008602900053
811 911.0875087272998
609 522.8083366497218
152 642.1824245313111
751 999.5194513941191
627 231.73832203629038
399 372.01617128286864
4 970.5784162430475
656 355.287895836273
968 927.9507183125247
395 266.19774685216504
309 325.1478064802584
434 316.64403131198384
6 975.8849874412699
181 415.98269743493756
773 429.0238843985448
458 104.18840389487457
890 807.9272498016776
631 271.9635972460304
349 449.9806287179545
794 949.2662900212247
412 163.9382044822378
206 829.9798488990203
487 47.243541192198705
258 66.45510206574951
521 669.3170933836062
494 177.3660037674844
271 647.6383132088092
68 131.8511943586521
633 932.678737339736
842 704.4067337448801
666 14.159897477650963
516 468.62627479022046
887 12.80324050959367
38 900.7384213641942
86 109.73669187162665
505 764.0187575227642
90 619.6951975657945
40 176.85937931660376
227 319.7171768207839
673 740.9719678912033
254 504.7583749412212
397 389.93206456110806
221 143.90922594529079
646 727.1719985653652
296 294.6928415698656
616 301.8621149473822
183 969.7450566469315
746 147.06513400413783
405 114.84058770415527
457 992.5455900868232
182 565.8847081614605
600 767.6389189749793
525 849.6848316918679
736 960.7787369284717
137 806.5992172686636
366 152.389214346801
320 138.58338485340767
740 476.70772283419166
970 595.3911561638913
20 30.139967608871768
841 839.777666908733
779 664.7009494024384
287 415.836088451658
721 141.65622541944253
9 406.8642519360057
602 274.64650438616013
596 646.0693140230462
686 637.3986697175411
763 279.12285619822455
219 17.895008299279002
583 992.2791418276669
534 647.7156065286589
449 436.6997653238674
679 840.1156252493585
139 358.8572008231737
318 821.2757421636164
406 904.8826524105444
418 488.7016541017342
52 62.97491451973637
421 357.0893094336914
732 557.2464383414467
553 324.5514159429555
921 66.6150725507517
997 162.24537410318928
323 302.86144150675636
237 281.69297993634694
652 431.8622057816893
975 531.8137356869347
545 388.4997041814618
555 998.9390520513232
151 396.3262825418408
213 284.0591459074538
475 979.9773559658122
311 864.8048934810555
382 505.72370248133774
162 734.3554603605525
483 871.8050532064588
885 265.9628477233148
436 650.8770351683235
597 81.4094359231505
294 533.7559961443483
343 341.9046702398299
719 558.080261372092
812 498.83258726267013
560 621.5984064330975
585 125.74342749042097
528 133.79203694927668
551 844.3902131547618
865 421.55989630703016
70 776.1072258108885
85 489.17798230945886
786 145.6603030732105
562 332.9587853982162
733 573.0581651232252
62 475.1025630700526
122 763.664833103195
240 810.5887758142771
702 633.4145857954329
286 971.9835602120693
942 493.70567513699035
575 647.047710901724
795 837.3260612858859
755 481.45265984567413
640 954.6474938258374
243 61.78424299891839
792 977.3334612819046
878 246.45185661169162
685 418.76724487774607
413 434.95334372325703
511 446.878905126505
15 713.5696768877858
859 438.47906792097075
225 161.53195780929903
268 453.6858538305257
291 588.3293447112753
696 799.4888957166097
644 115.92077317136692
171 427.76952934769656
109 22.405111858428132
863 841.0118091528096
546 264.02579438632426
160 554.1527003424553
456 389.05313601717637
393 753.3932375413598
643 535.4246479435694
726 980.0859310027836
313 353.3719383608276
455 959.6285885498162
742 169.2381085443764
739 955.7396324072897
444 248.50375234588114
497 933.5283454794823
783 795.7545959114492
