360 54.5164000000
26044.92706201727 42875.98430893686
26249.04711515851 42199.10455059324
26451.442898838417 41629.08882651583
26621.934800448118 41161.94530469559
26767.42929408912 40784.714770224105
26848.728602763313 40581.09896123728
26940.77482350494 40355.12600213444
27079.115033533046 40028.373509975754
27206.601787570802 39741.33350299578
27305.13183316387 39523.498520477144
27758.23535787426 38601.58076172383
28253.72378477117 37670.91031571033
28739.611063664972 36854.95439171364
29174.329332984926 36174.8706878255
29304.295913318234 35978.0669121076
29669.797484925766 35467.33982315593
29801.269860562836 35285.191046746695
30224.64042722094 34714.33329052296
30467.61044454278 34408.82048575632
31042.794251972122 33714.13601831711
31156.66529534229 33578.84718530734
31316.616662855533 33400.29704823463
31835.97952036107 32833.60125838918
32182.36239328568 32476.62140751033
32651.78606670018 32012.80194326427
32854.40374298068 31814.075565032315
33279.11852568999 31417.29507033927
34302.944650668294 30542.41994857691
34829.65768707753 30136.53539844348
35088.08422846339 29938.677032413812
35828.813772884794 29406.846215181813
35982.05863613648 29302.267648357683
36377.337414607646 29039.75878033524
36925.87554695504 28698.80603554714
37831.15018738311 28163.718914276502
38234.6795079245 27947.288366800443
38471.471764602014 27822.499812137532
39004.95557429266 27560.907551899978
39644.124003546865 27249.904094112724
40228.35891746011 26999.41298319943
40689.04565081124 26807.691642752485
40915.64588633271 26715.05225732468
41523.972764410726 26485.517856551243
42570.67484233045 26133.204960118033
43086.481765465236 25976.483350830647
43382.52355908878 25893.957458192355
43685.29039961273 25815.012161168183
44160.417825195604 25694.361589013097
44528.59740782932 25607.85723673976
45077.90888662491 25493.83052325922
45185.09840281465 25472.95527798079
45855.034964675564 25348.626687445154
46622.55989755401 25231.37950027959
46889.1661502639 25195.9564120262
47079.90966864727 25174.51262997212
47509.110558515036 25126.505389300048
48195.41813348242 25066.555584812282
48383.57385720789 25053.216173358636
48436.18481667612 25050.30040329254
48950.01196156307 25024.964760631312
49208.08021858287 25013.668541534364
49663.5108563442 25003.3072186319
49720.681008741914 25002.65006579709
50143.6773001788 25000.248171486015
50503.18768053737 25004.95335115667
50900.944355511965 25015.885673223762
51038.72628189066 25020.063794873422
51251.72078414557 25027.65068189246
51819.064551361844 25061.23975948746
52070.14647714438 25079.34171355319
52365.4604652131 25105.89589483463
52551.44130329373 25124.89299095
53121.87777549958 25186.41399331583
53395.659402929086 25223.093654453223
53765.28757352561 25274.5759526716
54406.019218927795 25376.372701366425
54516.18356369191 25396.71459955334
54815.962456836336 25452.8548405521
55120.90323668996 25515.929029315572
55528.73934653207 25603.73870290484
55868.60103142494 25683.55199690408
56099.438479515884 25740.823204188997
56563.09657201097 25856.11640518014
56647.8662322931 25878.19674019503
56928.77867911693 25951.6781110623
57563.11943024215 26142.189812641744
58301.052724029156 26390.414181487122
58618.61891424363 26498.503982920316
59394.39175242283 26795.037538277407
59867.84006793918 26996.92570029343
60462.13893582144 27251.06022859727
60674.42299907915 27354.191245164788
61438.19896063845 27726.879586311934
61600.59778666236 27809.894276882704
62378.224858177025 28227.93660598202
62758.61134860432 28452.888386305796
63029.329163220114 28613.026208929587
63386.73550632587 28830.736559721034
64004.80503378445 29226.59490122108
64346.60472927027 29460.384008033994
64878.72166629656 29837.813598435514
65473.36880149853 30296.49572334818
65599.71603214635 30395.813095270372
66123.01083110634 30826.054842104146
66486.10847761616 31133.57952713363
66728.77697905473 31345.474482270645
66917.67792345944 31511.196566168313
67076.90352022533 31651.61910312113
67263.48633792534 31827.665781189073
67472.76007728286 32030.522050698088
67945.34722400058 32502.148074968332
68205.96804689035 32768.87559849278
68326.16220592697 32893.551270071956
68990.90090706808 33630.36090005327
69329.44876940618 34042.672204402596
69562.22185277444 34335.042885886265
69938.8998524883 34815.66113144087
70304.8069412985 35296.38415614252
70513.6551542684 35576.40168054271
70718.70564686572 35877.450585652245
70986.25142053798 36273.703672491
71130.48287610857 36497.169702761326
71709.28957385443 37432.00916624524
72088.57231606756 38110.67863892022
72300.31403282669 38510.46292648244
72394.62803774883 38702.44772678765
72471.83358892794 38860.02227434917
72645.0338322123 39215.75931237185
72793.56627384078 39525.43048120764
73018.77913395662 40020.7755401829
73186.3261297937 40428.67423689002
73419.54670773818 40998.82454046035
73679.13921934494 41707.464208754485
73862.46261193673 42251.206413896325
73977.17623041861 42597.86210333678
73992.49139888577 42646.372250526285
74055.98078206953 42858.456259781495
74125.72744775732 43096.373536717336
74301.35479095635 43743.34573031331
74384.55760451256 44087.75750299804
74487.79723580592 44527.59683170291
74526.39778813055 44704.12817009261
74668.00886517996 45392.2501337256
74749.68657808451 45848.36439355805
74773.20474870988 45996.73729710397
74879.25828056478 46724.42214754105
74933.47156626683 47126.75547614499
74958.27187764629 47365.6102273097
75008.46861164333 47876.85478132664
75049.19028007035 48456.06945563457
75067.42968549469 48741.30757117513
75087.02699250312 49244.258903629096
75092.31289262476 49466.03554967016
75097.65051670073 49800.73200606232
75098.63988755837 50041.16786755534
75098.56151376988 50146.586883492084
75096.77334139279 50333.86623403801
75093.82415673054 50585.07917744271
75082.23844284128 50999.16845646094
75065.29366583317 51398.23625522744
75040.0126889238 51799.36311522113
75036.59680305127 51847.698174475045
75020.8880680849 52062.56998976391
74968.12281946659 52650.459534263464
74912.42689802253 53145.23139594265
74884.23719752277 53362.04155869401
74764.98558032217 54173.32410927624
74703.64058408595 54508.03312370088
74643.9537781583 54817.36250634432
74555.91611086852 55255.28774583806
74498.19744667211 55530.808909502324
74488.62867801411 55572.34347345763
74346.72151058837 56172.99802955463
74220.54335477928 56661.23032374488
74197.25504944728 56743.445491894
74081.50642953077 57140.09763177266
73928.46586210118 57648.087590070034
73862.108685044 57851.88178340321
73763.9043904869 58153.06213451284
73490.52197036434 58913.66460650579
73423.72487672853 59088.38974818639
73172.2766508476 59716.028585816006
73061.71424348667 59980.28200502228
72977.98632661885 60165.565825519654
72769.17319153526 60621.693464339456
72226.38204596945 61721.44337599347
71916.57539450501 62295.97434148222
71841.72338820942 62434.02620280155
71480.53115186279 63047.41846912695
71327.23203855495 63299.44146413022
71169.1461434198 63540.98233147837
70778.56224830414 64135.71605213993
70099.47736149536 65094.9402160839
70019.66184108274 65202.23026263869
69686.49974173031 65626.22544975788
69381.83762485086 66005.04139906385
68953.8205430443 66507.61176556638
68717.0539334914 66780.22597800229
68460.85158320231 67062.02192837709
67708.9621333995 67838.4428903259
67457.3985778203 68087.919197726
67336.20688982644 68204.23299130058
66826.34054146976 68667.50016668867
66363.49896472292 69074.56202455053
65782.8855565351 69564.88360627937
65648.56337191784 69673.10893074184
65332.3642602693 69921.94849826816
65001.802618092275 70168.85580903653
64316.80373152418 70662.78752849737
63754.97294503031 71037.23434346214
63399.69280820628 71261.59988214354
62979.042488376115 71524.29372746775
62479.63075211349 71815.11902561015
62056.97370359931 72051.48578398096
61710.402432491835 72233.7398825281
61403.081484379545 72391.30617456052
60982.54055566142 72596.34944963852
60355.205232678025 72893.60036773808
60063.931781157684 73025.94923095623
59767.84794839818 73149.35082827433
59344.63638358546 73316.79316262157
58980.74083618577 73460.30265842221
58809.96861979629 73522.46536193379
58449.82269719261 73652.9100288811
58052.37467888705 73794.62482231895
57772.8522264071 73888.62376463394
57387.737720030054 74008.80710641653
57119.24154503304 74089.45738471374
57008.014657224805 74121.80786793852
56665.22457436928 74216.13496574735
55779.4030998548 74441.83061035468
55440.58789414254 74517.63076677715
54973.48649979508 74618.43280333295
54674.89944292241 74674.3956572017
54334.44333167943 74735.19529573063
54146.38975492157 74766.07688320447
53680.92821721077 74837.20775026342
53596.10221772975 74850.00177270311
53085.84937461253 74920.0135378486
52566.79831359513 74975.3874611358
52246.97606560133 75004.71485704185
51841.267569801945 75034.2865719633
51500.10219352208 75058.28946152295
51098.43616252592 75079.50020944941
50396.353126888025 75097.12634769746
50179.03811605777 75098.6572865181
50099.82199554414 75099.05396696166
49951.36207365248 75098.94338449102
49789.94509015723 75097.69503915044
49278.49172751562 75088.84245009131
49056.318954191345 75080.71756060566
48719.35218303632 75066.8746058206
48528.42018475579 75055.90550169206
48065.251463879125 75022.94149287687
47806.28034756264 74999.13225813716
47772.2479270574 74995.83547203912
47588.77626698427 74977.03852013138
47039.54321392988 74920.57403881774
46822.5601019197 74893.40665555054
46364.14962468985 74830.68029858095
45802.08711877308 74740.44717772711
45434.95561634585 74674.42442252878
45067.70969429063 74603.60698165023
44529.47573078358 74490.2423916904
44327.7450786992 74446.3198820656
43713.70882705812 74294.13435088302
43538.73671577344 74246.62048720854
43007.852306475615 74098.37405486786
42617.54617407208 73980.97558678011
42052.27419830058 73801.59165095979
41441.62066773058 73586.14634060871
41167.110326163966 73480.30205456931
40695.69975214999 73297.71379122655
40226.77956025997 73104.49708536244
40009.15422368275 73012.58398134427
39645.4696683927 72853.43380555403
38907.86589426707 72503.11163279982
38009.377258871056 72028.1173072099
37825.31221355859 71929.24806570452
37675.06162711856 71842.68982994667
36989.72962517242 71444.77752174232
36189.282448978876 70925.79190183642
36020.592610043146 70814.73507287446
35717.78795989534 70614.48265132887
35479.19228002378 70443.37373320108
34921.85992251441 70032.15670020535
34533.8108927886 69735.52983019988
34298.46726852628 69549.04418012363
33472.81696466429 68850.23537314795
33174.99455359287 68585.37749374358
32685.12727658839 68124.94482874576
32315.80149531941 67759.13630931538
31811.952051328975 67239.54149491525
31551.350724088887 66963.6564757101
30893.922416452497 66211.55318072188
30761.342621095413 66055.43331476522
30160.311597010244 65297.6590618826
29802.397415777374 64820.98277238537
29566.22967016338 64487.651673252534
29257.511435168948 64044.388609522925
28956.58782591386 63583.32596035166
28795.23158886325 63332.743772740585
28677.044040305398 63139.801935734715
28396.4463744387 62673.447987846324
27929.10940873582 61825.25898760956
27841.005369280574 61663.12436525173
27786.916742193098 61562.171362440524
27675.369305441916 61351.51914447712
27565.346186315095 61122.95073903271
27209.7011197347 60364.022154340695
27100.411763599106 60128.94244342978
26909.689188341952 59674.78558670654
26813.379800043305 59428.345643530716
26548.669291152353 58742.30568602383
26390.25227325647 58290.38891714811
26256.87366633535 57908.8110596554
26114.967538523593 57469.53059392145
26079.52281530485 57352.598943989666
25845.733257189193 56532.803301248525
25780.13665617194 56275.17270806837
25721.432684865747 56043.63331887532
25584.733457177124 55443.517858801395
25501.400490686072 55061.41810493862
25477.76385815815 54948.763095345064
25413.9983497726 54614.731806082396
25317.547808913896 54029.51865232501
25281.962625866567 53793.23705792201
25239.42187764388 53509.55518229398
25232.908746784804 53462.87131648597
25194.48317070613 53180.233668966626
25139.096426375912 52704.62782109373
25130.32894626877 52621.46828708192
25104.887754838535 52355.77730787107
25069.161485796452 51919.754600836735
25045.24558441688 51555.00302695127
25025.852057921267 51191.39633906071
25016.660731938413 50925.96566174459
25009.548906364915 50664.166771273776
25001.36430049696 50310.88920749296
25002.018876006594 50127.14366965112
25004.12764774378 49742.97141984739
25006.995937425585 49597.76815247107
25014.52278405921 49223.03494846904
25015.142794665124 49200.43834078703
25021.98024873754 48997.09642529339
25036.41251742806 48730.70683272746
25056.003685097516 48421.26967484559
25066.003933339038 48265.49585283954
25095.723396485475 47850.46725204846
25144.534462838124 47351.61053440665
25194.12412741665 46915.84638435734
25297.405146510853 46192.447844445625
25318.577728791264 46044.343310532044
25370.904588894377 45742.25614651295
25478.187540834835 45149.80876332657
25549.86563320697 44800.22018528849
25677.708766266263 44241.811390331684
25809.602424516954 43704.11382699481
25859.769462577406 43522.67228661245
25915.89502715981 43323.53966340277