31 100.0000000000
21777.261124558765 99982.50704318912
440.9710627911623 99946.8351868968
237.89501160212944 99672.98503884666
5.674273491573789 98932.73868068894
1.5622637338563727 97537.65548727218
0.8774457891380649 41591.75465754984
22.289950611098508 6961.5155219780345
101.13439885044428 2108.8686265262168
130.253053015994 1582.0195727787368
249.65271984906946 1387.3893984197027
733.1473668707345 610.034035508067
3700.5839361843427 20.559655118512765
16178.16697759178 6.159883651646325
28466.036207198365 3.397443444119741
67182.35748469569 5.2897815454477914
97141.6996805551 7.087754493495524
99079.3965395986 25.759796344604347
99840.04779073877 1101.883791460434
99941.76610823427 1712.5144988317743
99976.80784794937 5787.4787307920615
99995.5662803676 34694.39562017279
99996.18676532894 41881.572046340574
99997.19595776295 59203.05058583256
99990.38299358089 90635.89473192045
99987.41634948207 99880.56375156503
99411.49495017657 99918.25576075476
94499.31378922181 99963.44472812317
78468.56148058691 99996.93910528145
65919.75622652264 99997.18058467549
53626.146097151715 99993.19353028298
26485.057671416445 99984.2097231908